function f = hsf73(x)
f = 24.55*x(1) + 26.75*x(2) + 39*x(3) + 40.5*x(4);
